RANK:0 ts_chunks=(1000000000,) n_procs=100 inds_arr.size=1000000000 (8000.00MB) sorting took 961.90s.
           628035447           4295030301
           321125522           4295030303
           298755412           4295030303
           794857183           4295030304
           291476284           4295030305
           846366999           4295030305
            63893237           4295030305
           586272193           4295030305
           888677454           4295030307
           731894320           4295030307

